591只股短线走稳 站上五日均线
新闻日期：06-22

据统计，截至今日下午收盘，上证综指2889.76点，收于五日均线之下，涨跌幅0.49%，A股总成交额为2990.99亿元。到目前为止今日有591只A股价格突破了五日均线，其中乖离率较大的个股有金杯汽车、振华股份、美亚柏科等，乖离率分别为9.05%、7.54%、7.51%；永安药业、飞凯材料、济民制药等个股乖离率小，刚刚站上五日均线。
6月22日突破五日均线个股乖离率排名
证券代码| 证券简称| 今日涨跌幅(%)| 今日换手率(%)| 五日均线(元)| 最新价(元)| 乖离率(%)  
---|---|---|---|---|---|---  
600609| 金杯汽车| 10.05| 1.88| 4.42| 4.82| 9.05  
603067| 振华股份| 9.97| 11.39| 10.56| 11.36| 7.54  
300188| 美亚柏科| 9.99| 3.58| 15.36| 16.51| 7.51  
300615| 欣天科技| 10.01| 34.57| 17.40| 18.69| 7.39  
300644| 南京聚隆| 10.01| 46.72| 51.85| 55.63| 7.29  
600884| 杉杉股份| 9.99| 7.76| 21.11| 22.57| 6.93  
600890| 中房股份| 10.03| 1.28| 7.40| 7.90| 6.76  
300073| 当升科技| 10.00| 5.12| 29.80| 31.78| 6.65  
300037| 新宙邦| 8.14| 6.17| 24.36| 25.90| 6.34  
000636| 风华高科| 9.17| 8.39| 13.70| 14.53| 6.04  
600385| 山东金泰| 5.33| 1.43| 8.39| 8.89| 5.98  
300113| 顺网科技| 10.00| 2.79| 15.79| 16.72| 5.86  
600562| 国睿科技| 8.22| 1.76| 20.64| 21.85| 5.85  
002496| 辉丰股份| 8.53| 3.09| 2.65| 2.80| 5.74  
603819| 神力股份| 8.51| 12.32| 17.24| 18.23| 5.72  
300693| 盛弘股份| 4.81| 26.84| 22.90| 24.19| 5.62  
000812| 陕西金叶| 9.87| 6.08| 3.17| 3.34| 5.23  
300648| 星云股份| 9.98| 3.82| 23.28| 24.46| 5.07  
600960| 渤海汽车| 10.04| 1.33| 5.74| 6.03| 4.98  
300481| 濮阳惠成| 10.04| 2.31| 11.50| 12.06| 4.85  
603677| 奇精机械| 6.94| 3.43| 16.04| 16.79| 4.66  
300036| 超图软件| 6.24| 3.71| 17.91| 18.74| 4.65  
300729| 乐歌股份| 4.87| 8.39| 33.95| 35.50| 4.57  
300012| 华测检测| 6.94| 2.16| 5.45| 5.70| 4.55  
000626| 远大控股| 10.08| 1.57| 6.80| 7.10| 4.41  
603718| 海利生物| 8.26| 1.06| 13.81| 14.42| 4.39  
300634| 彩讯股份| 10.00| 12.62| 37.65| 39.26| 4.27  
000881| 中广核技| 9.95| 2.58| 8.27| 8.62| 4.26  
600596| 新安股份| 6.71| 6.57| 17.23| 17.96| 4.25  
002580| 圣阳股份| 10.09| 2.81| 4.82| 5.02| 4.15  
300568| 星源材质| 9.99| 5.65| 34.48| 35.89| 4.10  
603683| 晶华新材| 5.18| 31.14| 22.63| 23.55| 4.08  
002747| 埃斯顿| 4.32| 0.87| 12.52| 13.03| 4.07  
002889| 东方嘉盛| 4.49| 28.58| 35.35| 36.78| 4.05  
600319| 亚星化学| 5.10| 0.59| 6.74| 7.01| 3.94  
600666| 奥瑞德| 10.14| 5.42| 3.66| 3.80| 3.94  
300178| 腾邦国际| 8.91| 3.01| 13.29| 13.81| 3.91  
000951| 中国重汽| 4.89| 1.58| 13.63| 14.16| 3.87  
300312| 邦讯技术| 10.07| 3.15| 5.69| 5.90| 3.76  
603708| 家家悦| 4.38| 2.41| 21.61| 22.42| 3.75  
300326| 凯利泰| 3.83| 0.85| 9.41| 9.76| 3.74  
002862| 实丰文化| 3.88| 3.79| 20.37| 21.13| 3.74  
601798| *ST 蓝科| 4.92| 1.45| 4.32| 4.48| 3.66  
600622| 光大嘉宝| 10.04| 2.15| 7.83| 8.11| 3.60  
002696| 百洋股份| 6.14| 2.85| 11.01| 11.41| 3.60  
002690| 美亚光电| 6.41| 1.32| 21.64| 22.41| 3.58  
600240| 华业资本| 4.59| 1.48| 6.82| 7.06| 3.55  
603659| 璞泰来| 4.43| 8.56| 60.37| 62.51| 3.54  
002061| 浙江交科| 4.79| 1.23| 9.94| 10.29| 3.48  
002392| 北京利尔| 6.13| 1.85| 3.34| 3.46| 3.47  
300555| 路通视信| 6.19| 3.97| 10.12| 10.47| 3.46  
300439| 美康生物| 4.76| 1.66| 21.09| 21.81| 3.43  
002808| 苏州恒久| 9.98| 2.81| 10.02| 10.36| 3.41  
002497| 雅化集团| 8.38| 5.45| 10.01| 10.35| 3.40  
603026| 石大胜华| 6.03| 2.36| 20.23| 20.91| 3.38  
603039| 泛微网络| 5.06| 1.22| 73.93| 76.42| 3.36  
002118| 紫鑫药业| 4.99| 1.54| 6.92| 7.15| 3.35  
600252| 中恒集团| 5.00| 0.55| 3.05| 3.15| 3.35  
600101| 明星电力| 3.19| 1.50| 6.88| 7.11| 3.34  
002672| 东江环保| 4.44| 1.37| 16.86| 17.42| 3.33  
300547| 川环科技| 9.99| 1.02| 19.50| 20.15| 3.33  
603369| 今世缘| 5.34| 0.89| 21.94| 22.67| 3.32  
300523| 辰安科技| 9.45| 1.36| 56.15| 58.00| 3.30  
002619| 艾格拉斯| 9.97| 1.74| 3.95| 4.08| 3.24  
300588| 熙菱信息| 7.64| 11.24| 14.74| 15.22| 3.23  
000016| 深康佳A| 4.65| 0.84| 4.58| 4.73| 3.23  
002922| 伊戈尔| 10.02| 17.62| 22.45| 23.17| 3.21  
000717| 韶钢松山| 3.00| 3.43| 6.98| 7.20| 3.15  
300490| 华自科技| 6.98| 18.08| 16.06| 16.56| 3.14  
002025| 航天电器| 3.15| 1.03| 21.28| 21.95| 3.14  
600201| 生物股份| 3.29| 0.88| 22.21| 22.90| 3.09  
002074| 国轩高科| 4.96| 1.24| 13.54| 13.96| 3.09  
300650| 太龙照明| 3.97| 3.67| 16.50| 17.01| 3.08  
300032| 金龙机电| 3.58| 0.93| 5.34| 5.50| 3.07  
002930| 宏川智慧| 10.00| 40.94| 42.37| 43.67| 3.07  
300581| 晨曦航空| 2.93| 2.99| 26.91| 27.71| 2.96  
600872| 中炬高新| 2.96| 0.46| 26.38| 27.16| 2.96  
002410| 广联达| 4.51| 0.96| 25.65| 26.41| 2.95  
000923| 河北宣工| 1.49| 2.49| 13.88| 14.29| 2.92  
300543| 朗科智能| 5.76| 8.74| 21.41| 22.04| 2.92  
300669| 沪宁股份| 9.39| 5.57| 20.62| 21.21| 2.88  
000799| 酒鬼酒| 5.23| 3.54| 26.62| 27.38| 2.86  
600281| 太化股份| 4.56| 0.74| 3.57| 3.67| 2.86  
000932| 华菱钢铁| 3.79| 2.42| 9.06| 9.32| 2.85  
300727| 润禾材料| 4.23| 10.85| 36.67| 37.71| 2.84  
600094| 大名城| 5.47| 0.20| 5.62| 5.78| 2.81  
002717| 岭南股份| 4.58| 1.46| 9.34| 9.60| 2.81  
002280| 联络互动| 10.00| 2.38| 5.35| 5.50| 2.80  
300630| 普利制药| 3.95| 1.42| 68.13| 70.04| 2.80  
002198| 嘉应制药| 4.98| 2.72| 5.74| 5.90| 2.79  
002637| 赞宇科技| 3.53| 5.81| 9.71| 9.98| 2.76  
603966| 法兰泰克| 5.38| 1.79| 9.54| 9.80| 2.75  
000952| 广济药业| 2.58| 3.31| 13.94| 14.32| 2.73  
600132| 重庆啤酒| 3.61| 0.96| 27.35| 28.09| 2.70  
002013| 中航机电| 2.83| 0.33| 7.43| 7.63| 2.69  
300348| 长亮科技| 6.11| 3.29| 24.86| 25.52| 2.66  
300130| 新国都| 5.31| 0.74| 12.57| 12.90| 2.64  
000790| 泰合健康| 2.71| 6.99| 7.03| 7.21| 2.62  
600845| 宝信软件| 5.38| 1.70| 22.32| 22.90| 2.59  
600258| 首旅酒店| 3.76| 1.01| 26.93| 27.62| 2.58  
300716| 国立科技| 6.83| 14.05| 15.85| 16.26| 2.57  
002354| 天神娱乐| 7.85| 5.08| 9.11| 9.34| 2.57  
300114| 中航电测| 5.99| 0.51| 8.45| 8.67| 2.56  
600643| 爱建集团| 5.75| 0.74| 9.51| 9.75| 2.55  
002112| 三变科技| 9.93| 2.53| 6.37| 6.53| 2.54  
601005| 重庆钢铁| 2.44| 0.32| 2.05| 2.10| 2.54  
600771| 广誉远| 2.42| 1.36| 53.17| 54.52| 2.54  
002332| 仙琚制药| 2.22| 0.70| 8.51| 8.73| 2.54  
300203| 聚光科技| 4.00| 1.30| 23.84| 24.44| 2.53  
600990| 四创电子| 4.82| 1.04| 47.57| 48.76| 2.50  
300393| 中来股份| 3.97| 1.03| 36.31| 37.20| 2.45  
000738| 航发控制| 4.38| 0.77| 12.56| 12.87| 2.44  
300558| 贝达药业| 3.19| 0.86| 60.35| 61.80| 2.40  
000848| 承德露露| 4.14| 1.54| 10.32| 10.57| 2.40  
300132| 青松股份| 4.15| 2.45| 10.30| 10.55| 2.39  
600037| 歌华有线| 4.88| 0.45| 10.07| 10.31| 2.34  
300116| 坚瑞沃能| 6.87| 5.18| 2.74| 2.80| 2.34  
002614| 奥佳华| 2.92| 0.85| 19.99| 20.46| 2.33  
002740| 爱迪尔| 2.33| 0.65| 7.30| 7.47| 2.33  
002153| 石基信息| 4.39| 1.99| 26.75| 27.37| 2.32  
002233| 塔牌集团| 2.80| 1.25| 11.48| 11.75| 2.32  
603260| 合盛硅业| 3.61| 6.98| 67.93| 69.50| 2.31  
603301| 振德医疗| 2.04| 19.89| 47.51| 48.60| 2.30  
000650| 仁和药业| 4.43| 1.41| 5.76| 5.89| 2.28  
300176| 鸿特科技| 5.68| 1.86| 80.90| 82.74| 2.27  
300482| 万孚生物| 1.94| 0.95| 67.99| 69.52| 2.26  
000528| 柳工| 4.32| 2.24| 9.67| 9.89| 2.25  
002442| 龙星化工| 3.85| 0.46| 10.83| 11.07| 2.25  
002908| 德生科技| 5.38| 23.62| 35.05| 35.83| 2.23  
300354| 东华测试| 5.87| 3.81| 9.53| 9.74| 2.23  
600256| 广汇能源| 4.89| 0.76| 3.78| 3.86| 2.22  
002024| 苏宁易购| 3.28| 1.00| 13.86| 14.17| 2.21  
000900| 现代投资| 1.94| 0.68| 4.11| 4.20| 2.19  
603007| 花王股份| 2.75| 0.62| 10.96| 11.20| 2.19  
002045| 国光电器| 1.28| 6.01| 6.97| 7.12| 2.18  
300352| 北信源| 9.97| 4.69| 3.67| 3.75| 2.18  
002128| 露天煤业| 3.03| 1.85| 9.33| 9.53| 2.17  
600567| 山鹰纸业| 1.84| 0.78| 3.79| 3.87| 2.16  
002081| 金螳螂| 4.46| 0.46| 10.77| 11.00| 2.15  
300571| 平治信息| 10.00| 2.92| 56.64| 57.86| 2.15  
600277| 亿利洁能| 3.62| 0.37| 4.77| 4.87| 2.14  
002330| 得利斯| 2.88| 0.53| 5.25| 5.36| 2.13  
300107| 建新股份| 1.68| 8.90| 13.60| 13.89| 2.10  
000425| 徐工机械| 2.91| 1.13| 4.15| 4.24| 2.07  
300251| 光线传媒| 6.85| 1.04| 9.47| 9.67| 2.07  
603616| 韩建河山| 2.53| 1.69| 11.91| 12.16| 2.06  
601012| 隆基股份| 1.82| 0.65| 15.89| 16.22| 2.06  
600352| 浙江龙盛| 2.15| 1.32| 11.64| 11.88| 2.06  
603701| 德宏股份| 3.33| 1.90| 13.09| 13.36| 2.05  
300600| 瑞特股份| 4.19| 0.89| 36.56| 37.30| 2.04  
300422| 博世科| 3.19| 1.10| 13.64| 13.91| 2.01  
000971| 高升控股| 9.92| 0.94| 3.80| 3.88| 2.00  
300723| 一品红| 2.28| 3.90| 40.44| 41.24| 1.98  
300377| 赢时胜| 3.04| 3.56| 12.29| 12.53| 1.97  
000953| ST 河化| 2.08| 0.97| 5.77| 5.88| 1.94  
603799| 华友钴业| 5.58| 3.25| 92.43| 94.18| 1.89  
603816| 顾家家居| 2.14| 1.53| 69.80| 71.10| 1.87  
300183| 东软载波| 3.54| 1.02| 14.34| 14.61| 1.85  
002386| 天原集团| 2.08| 1.11| 6.74| 6.86| 1.84  
002215| 诺普信| 2.69| 0.79| 6.76| 6.88| 1.81  
603707| 健友股份| 1.02| 1.76| 26.37| 26.85| 1.80  
600729| 重庆百货| 7.50| 1.72| 33.64| 34.24| 1.79  
300407| 凯发电气| 10.04| 3.31| 7.21| 7.34| 1.77  
300102| 乾照光电| 4.70| 2.19| 6.13| 6.24| 1.76  
603897| 长城科技| 2.23| 13.88| 32.50| 33.07| 1.76  
300259| 新天科技| 3.15| 0.72| 3.54| 3.60| 1.75  
000709| 河钢股份| 1.62| 0.69| 3.09| 3.14| 1.75  
002815| 崇达技术| 7.86| 2.59| 14.43| 14.68| 1.75  
002912| 中新赛克| 7.76| 9.58| 82.72| 84.16| 1.74  
300681| 英搏尔| 3.42| 4.23| 57.09| 58.07| 1.72  
603380| 易德龙| 4.23| 3.96| 16.70| 16.99| 1.71  
300447| 全信股份| 2.57| 0.41| 12.18| 12.39| 1.71  
002366| 台海核电| 4.41| 2.25| 14.89| 15.14| 1.71  
300401| 花园生物| 0.28| 2.11| 21.40| 21.76| 1.69  
601872| 招商轮船| 4.11| 0.20| 3.49| 3.55| 1.66  
600271| 航天信息| 3.02| 0.80| 23.84| 24.24| 1.66  
600879| 航天电子| 2.74| 0.65| 6.63| 6.74| 1.66  
300241| 瑞丰光电| 7.29| 2.59| 5.79| 5.89| 1.66  
002589| 瑞康医药| 1.72| 0.54| 13.95| 14.18| 1.65  
603035| 常熟汽饰| 2.49| 1.03| 13.36| 13.58| 1.65  
603669| 灵康药业| 1.19| 0.39| 11.70| 11.89| 1.64  
600409| 三友化工| 2.01| 1.05| 8.50| 8.64| 1.62  
600282| 南钢股份| 2.78| 2.04| 4.73| 4.81| 1.61  
600295| 鄂尔多斯| 1.58| 1.77| 8.88| 9.02| 1.60  
603079| 圣达生物| 2.58| 5.50| 27.82| 28.26| 1.59  
600521| 华海药业| 1.51| 0.51| 27.14| 27.57| 1.58  
000898| 鞍钢股份| 2.06| 0.44| 6.33| 6.43| 1.58  
002795| 永和智控| 3.01| 13.05| 19.85| 20.16| 1.56  
300014| 亿纬锂能| 5.52| 2.02| 16.94| 17.20| 1.56  
000563| 陕国投A| 5.50| 0.88| 3.21| 3.26| 1.56  
603188| 亚邦股份| 4.27| 0.72| 9.37| 9.52| 1.56  
000767| 漳泽电力| 5.53| 0.29| 2.44| 2.48| 1.56  
603988| 中电电机| 10.04| 1.34| 12.62| 12.82| 1.55  
603318| 派思股份| 2.84| 0.92| 12.50| 12.69| 1.55  
600429| 三元股份| 3.62| 1.14| 6.49| 6.59| 1.54  
600196| 复星医药| 2.55| 0.94| 43.22| 43.89| 1.54  
300195| 长荣股份| 2.87| 0.87| 11.30| 11.47| 1.54  
002206| 海利得| 2.45| 0.35| 4.94| 5.02| 1.54  
603876| 鼎胜新材| 2.07| 17.57| 30.11| 30.57| 1.53  
000999| 华润三九| 3.09| 0.41| 27.90| 28.33| 1.52  
000895| 双汇发展| 1.72| 0.25| 26.77| 27.18| 1.52  
300470| 日机密封| 1.65| 0.69| 43.61| 44.27| 1.50  
300133| 华策影视| 1.85| 0.66| 10.30| 10.45| 1.50  
600069| 银鸽投资| 2.26| 3.97| 4.02| 4.08| 1.49  
002828| 贝肯能源| 4.98| 10.23| 15.78| 16.01| 1.48  
002701| 奥瑞金| 1.46| 0.35| 5.47| 5.55| 1.46  
300379| 东方通| 4.18| 0.81| 13.51| 13.70| 1.44  
000553| 沙隆达A| 2.30| 1.15| 15.33| 15.55| 1.44  
000739| 普洛药业| 3.04| 0.42| 7.01| 7.11| 1.43  
300144| 宋城演艺| 4.59| 1.03| 22.48| 22.80| 1.42  
603056| 德邦股份| 1.69| 2.82| 26.71| 27.09| 1.42  
601139| 深圳燃气| 2.77| 0.16| 5.48| 5.56| 1.42  
002623| 亚玛顿| 4.51| 0.61| 15.99| 16.22| 1.41  
600246| 万通地产| 1.30| 0.59| 3.84| 3.89| 1.41  
600491| 龙元建设| 2.32| 0.35| 6.97| 7.07| 1.41  
300637| 扬帆新材| 3.41| 3.02| 22.70| 23.02| 1.39  
000819| 岳阳兴长| 2.84| 0.52| 8.92| 9.04| 1.39  
002763| 汇洁股份| 5.68| 1.22| 10.65| 10.80| 1.39  
600497| 驰宏锌锗| 2.27| 0.60| 5.34| 5.41| 1.39  
603337| 杰克股份| 3.10| 0.49| 38.09| 38.62| 1.38  
600321| *ST 正源| 3.85| 0.46| 1.60| 1.62| 1.38  
002624| 完美世界| 5.59| 1.17| 30.58| 31.00| 1.37  
000768| 中航飞机| 3.06| 0.62| 14.30| 14.50| 1.37  
300676| 华大基因| 5.11| 4.06| 108.45| 109.94| 1.37  
600161| 天坛生物| 1.62| 0.20| 19.83| 20.10| 1.37  
002533| 金杯电工| 3.71| 0.35| 4.69| 4.75| 1.37  
603368| 柳药股份| 1.65| 0.61| 32.16| 32.59| 1.35  
002422| 科伦药业| 1.36| 0.60| 30.97| 31.39| 1.35  
300189| 神农基因| 3.30| 0.71| 3.71| 3.76| 1.35  
002127| 南极电商| 1.06| 0.36| 9.37| 9.50| 1.34  
002536| 西泵股份| 2.42| 0.37| 10.87| 11.02| 1.34  
002594| 比亚迪| 2.36| 0.53| 46.23| 46.85| 1.33  
603789| 星光农机| 1.91| 0.42| 12.14| 12.30| 1.32  
002771| 真视通| 3.49| 2.96| 14.04| 14.22| 1.31  
002202| 金风科技| 2.93| 0.50| 14.24| 14.42| 1.29  
601011| 宝泰隆| 3.93| 1.50| 5.75| 5.82| 1.29  
002689| 远大智能| 3.00| 0.17| 3.73| 3.78| 1.29  
603766| 隆鑫通用| 3.47| 0.51| 5.29| 5.36| 1.28  
600898| 国美通讯| 5.56| 0.97| 9.75| 9.87| 1.27  
600290| 华仪电气| 0.20| 1.75| 9.96| 10.09| 1.26  
300612| 宣亚国际| 1.98| 12.16| 23.43| 23.73| 1.26  
002773| 康弘药业| 4.63| 1.99| 51.35| 52.00| 1.26  
600725| ST 云维| 2.54| 0.18| 2.39| 2.42| 1.26  
300104| 乐视网| 3.02| 2.86| 3.37| 3.41| 1.25  
002514| 宝馨科技| 2.33| 0.88| 5.64| 5.71| 1.24  
300687| 赛意信息| 5.19| 4.85| 26.03| 26.35| 1.24  
002294| 信立泰| 1.31| 0.34| 38.84| 39.32| 1.24  
603579| 荣泰健康| 2.27| 0.80| 71.08| 71.96| 1.24  
002242| 九阳股份| 2.52| 0.50| 16.86| 17.07| 1.23  
600155| 宝硕股份| 8.13| 1.54| 6.84| 6.92| 1.23  
002883| 中设股份| 2.32| 2.25| 42.65| 43.17| 1.22  
002054| 德美化工| 4.78| 2.46| 4.76| 4.82| 1.22  
000937| 冀中能源| 2.18| 0.49| 4.17| 4.22| 1.21  
002376| 新北洋| 4.34| 1.17| 14.74| 14.92| 1.21  
600563| 法拉电子| 3.50| 0.79| 46.43| 46.99| 1.21  
600486| 扬农化工| 0.62| 0.63| 56.56| 57.23| 1.19  
600600| 青岛啤酒| 2.25| 0.84| 45.44| 45.98| 1.19  
000836| 鑫茂科技| 2.13| 1.28| 4.74| 4.80| 1.18  
603609| 禾丰牧业| 1.07| 0.25| 9.37| 9.48| 1.17  
002223| 鱼跃医疗| 2.63| 1.08| 20.86| 21.10| 1.17  
002673| 西部证券| 5.18| 1.03| 7.03| 7.11| 1.17  
600395| 盘江股份| 1.46| 0.42| 6.19| 6.26| 1.16  
300532| 今天国际| 3.20| 2.32| 15.31| 15.49| 1.16  
603326| 我乐家居| 3.34| 0.97| 10.72| 10.84| 1.16  
002320| 海峡股份| 8.40| 3.51| 16.32| 16.51| 1.15  
600322| 天房发展| 1.92| 0.21| 5.24| 5.30| 1.15  
002745| 木林森| 3.15| 2.28| 15.55| 15.73| 1.14  
300357| 我武生物| 1.50| 0.74| 38.86| 39.30| 1.14  
600408| *ST 安泰| 1.91| 0.70| 1.58| 1.60| 1.14  
002077| 大港股份| 2.44| 0.24| 8.29| 8.38| 1.13  
002287| 奇正藏药| 1.81| 0.11| 28.39| 28.71| 1.13  
002050| 三花智控| 2.23| 0.71| 17.69| 17.89| 1.13  
000680| 山推股份| 3.01| 1.00| 3.38| 3.42| 1.12  
600062| 华润双鹤| 2.36| 0.47| 25.29| 25.57| 1.12  
300274| 阳光电源| 4.37| 3.41| 8.73| 8.83| 1.12  
600323| 瀚蓝环境| 1.94| 0.43| 15.10| 15.27| 1.11  
002931| 锋龙股份| 5.03| 21.98| 42.33| 42.80| 1.11  
002592| 八菱科技| 1.67| 0.73| 12.62| 12.76| 1.11  
300167| 迪威迅| 10.00| 3.65| 4.90| 4.95| 1.10  
000606| 神州易桥| 3.70| 1.18| 6.92| 7.00| 1.10  
600577| 精达股份| 2.93| 0.66| 3.47| 3.51| 1.09  
000519| 中兵红箭| 1.74| 1.36| 7.51| 7.59| 1.09  
002267| 陕天然气| 2.38| 0.40| 6.80| 6.87| 1.09  
300325| 德威新材| 1.08| 0.48| 3.69| 3.73| 1.08  
002873| 新天药业| 2.48| 1.74| 42.89| 43.35| 1.08  
600665| 天地源| 4.39| 0.67| 3.53| 3.57| 1.08  
000525| 红太阳| 2.12| 0.59| 16.20| 16.37| 1.07  
300598| 诚迈科技| 6.62| 7.35| 27.90| 28.20| 1.07  
002094| 青岛金王| 0.55| 2.08| 9.00| 9.10| 1.07  
300537| 广信材料| 3.36| 2.45| 13.99| 14.14| 1.06  
600340| 华夏幸福| 1.82| 0.58| 28.24| 28.54| 1.05  
600572| 康恩贝| 1.70| 0.39| 7.11| 7.18| 1.04  
603365| 水星家纺| 2.64| 4.92| 24.22| 24.47| 1.04  
300082| 奥克股份| 2.86| 0.34| 4.62| 4.67| 1.04  
601898| 中煤能源| 2.08| 0.12| 4.86| 4.91| 1.03  
300038| 梅泰诺| 6.77| 6.58| 9.99| 10.09| 1.02  
600182| S 佳通| 2.53| 1.17| 25.28| 25.54| 1.02  
002626| 金达威| -0.06| 0.91| 17.13| 17.30| 1.02  
300260| 新莱应材| 2.12| 0.55| 15.77| 15.93| 1.01  
600559| 老白干酒| 2.16| 1.47| 21.10| 21.31| 1.01  
