今日277只个股突破五日均线
新闻日期：06-22

证券时报股市大数据新媒体“数据宝”统计，截至今日上午10:29分，上证综指2865.90点，收于五日均线之下，涨跌幅-0.34%，A股总成交额为1213.91亿元。到目前为止今日有277只A股价格突破了五日均线，其中乖离率较大的个股有振华股份、欣天科技、金杯汽车等，乖离率分别为7.54%、7.39%、7.09%；酒鬼酒、永安药业、ST生化等个股乖离率小，刚刚站上五日均线。
6月22日突破五日均线个股乖离率排名
证券代码| 证券简称| 今日涨跌幅(%)| 今日换手率(%)| 五日均线(元)| 最新价(元)| 乖离率(%)  
---|---|---|---|---|---|---  
603067| 振华股份| 9.97| 10.61| 10.56| 11.36| 7.54  
300615| 欣天科技| 10.01| 33.00| 17.40| 18.69| 7.39  
600609| 金杯汽车| 7.53| 1.00| 4.40| 4.71| 7.09  
300113| 顺网科技| 10.00| 2.40| 15.79| 16.72| 5.86  
300693| 盛弘股份| 4.68| 16.69| 22.90| 24.16| 5.52  
000812| 陕西金叶| 9.87| 5.45| 3.17| 3.34| 5.23  
300648| 星云股份| 9.98| 3.70| 23.28| 24.46| 5.07  
300481| 濮阳惠成| 10.04| 1.55| 11.50| 12.06| 4.85  
300073| 当升科技| 7.62| 2.62| 29.66| 31.09| 4.82  
000626| 远大控股| 10.08| 1.04| 6.80| 7.10| 4.41  
300634| 彩讯股份| 10.00| 9.99| 37.65| 39.26| 4.27  
300012| 华测检测| 6.57| 0.92| 5.45| 5.68| 4.26  
600884| 杉杉股份| 6.48| 2.59| 20.96| 21.85| 4.23  
603819| 神力股份| 6.49| 4.31| 17.18| 17.89| 4.16  
600666| 奥瑞德| 10.14| 4.89| 3.66| 3.80| 3.94  
300644| 南京聚隆| 5.58| 20.47| 51.40| 53.39| 3.87  
000636| 风华高科| 6.31| 3.24| 13.63| 14.15| 3.85  
603677| 奇精机械| 5.86| 1.94| 16.01| 16.62| 3.82  
300555| 路通视信| 6.59| 2.15| 10.13| 10.51| 3.77  
300312| 邦讯技术| 10.07| 2.94| 5.69| 5.90| 3.76  
600246| 万通地产| 4.17| 0.23| 3.86| 4.00| 3.68  
300104| 乐视网| 6.04| 1.16| 3.39| 3.51| 3.60  
600771| 广誉远| 3.51| 0.73| 53.29| 55.10| 3.40  
002862| 实丰文化| 3.44| 2.31| 20.35| 21.04| 3.39  
300547| 川环科技| 9.99| 0.92| 19.50| 20.15| 3.33  
002747| 埃斯顿| 3.36| 0.35| 12.50| 12.91| 3.31  
600429| 三元股份| 5.82| 0.56| 6.52| 6.73| 3.25  
002619| 艾格拉斯| 9.97| 1.51| 3.95| 4.08| 3.24  
300037| 新宙邦| 3.88| 2.21| 24.15| 24.88| 3.01  
600890| 中房股份| 5.15| 0.74| 7.33| 7.55| 3.00  
300188| 美亚柏科| 4.06| 1.07| 15.18| 15.62| 2.91  
600037| 歌华有线| 5.60| 0.21| 10.09| 10.38| 2.89  
603659| 璞泰来| 3.58| 2.75| 60.27| 62.00| 2.87  
002614| 奥佳华| 3.42| 0.38| 20.01| 20.56| 2.73  
300178| 腾邦国际| 7.33| 1.18| 13.25| 13.61| 2.72  
002061| 浙江交科| 3.77| 0.43| 9.92| 10.19| 2.68  
300032| 金龙机电| 3.01| 0.48| 5.33| 5.47| 2.63  
000790| 泰合健康| 2.71| 3.42| 7.03| 7.21| 2.62  
300716| 国立科技| 6.83| 9.49| 15.85| 16.26| 2.57  
603301| 振德医疗| 2.37| 10.72| 47.54| 48.76| 2.57  
002112| 三变科技| 9.93| 2.24| 6.37| 6.53| 2.54  
600101| 明星电力| 2.18| 0.99| 6.87| 7.04| 2.53  
300581| 晨曦航空| 2.38| 1.38| 26.88| 27.56| 2.51  
603039| 泛微网络| 3.93| 0.43| 73.77| 75.60| 2.48  
600385| 山东金泰| 0.95| 0.53| 8.31| 8.52| 2.48  
000923| 河北宣工| 0.92| 1.44| 13.87| 14.21| 2.47  
002717| 岭南股份| 4.14| 0.72| 9.33| 9.56| 2.47  
300729| 乐歌股份| 2.22| 3.14| 33.77| 34.60| 2.46  
002354| 天神娱乐| 7.62| 1.49| 9.10| 9.32| 2.40  
000952| 广济药业| 2.15| 1.88| 13.93| 14.26| 2.38  
300588| 熙菱信息| 6.44| 9.51| 14.71| 15.05| 2.31  
300326| 凯利泰| 2.02| 0.27| 9.37| 9.59| 2.30  
300401| 花园生物| 0.74| 0.88| 21.42| 21.86| 2.06  
300107| 建新股份| 1.61| 4.15| 13.60| 13.88| 2.04  
002289| 宇顺电子| 1.60| 1.37| 8.07| 8.23| 2.03  
002672| 东江环保| 2.76| 0.39| 16.80| 17.14| 2.01  
000971| 高升控股| 9.92| 0.82| 3.80| 3.88| 2.00  
002332| 仙琚制药| 1.52| 0.28| 8.50| 8.67| 1.98  
300071| 华谊嘉信| 0.57| 2.17| 3.47| 3.54| 1.90  
000900| 现代投资| 1.46| 0.35| 4.11| 4.18| 1.80  
600562| 国睿科技| 3.02| 0.50| 20.43| 20.80| 1.80  
601619| 嘉泽新能| 3.86| 6.80| 8.19| 8.34| 1.78  
600567| 山鹰纸业| 1.32| 0.32| 3.78| 3.85| 1.74  
300133| 华策影视| 2.14| 0.27| 10.30| 10.48| 1.73  
300354| 东华测试| 5.22| 2.60| 9.52| 9.68| 1.72  
300470| 日机密封| 1.86| 0.17| 43.63| 44.36| 1.67  
600596| 新安股份| 3.33| 2.53| 17.11| 17.39| 1.61  
300439| 美康生物| 2.40| 0.65| 20.99| 21.32| 1.58  
300650| 太龙照明| 2.08| 2.16| 16.44| 16.70| 1.58  
600319| 亚星化学| 2.10| 0.17| 6.70| 6.81| 1.58  
002696| 百洋股份| 3.53| 1.23| 10.96| 11.13| 1.57  
600161| 天坛生物| 1.87| 0.11| 19.84| 20.15| 1.57  
603988| 中电电机| 10.04| 1.23| 12.62| 12.82| 1.55  
000738| 航发控制| 3.24| 0.36| 12.54| 12.73| 1.55  
002637| 赞宇科技| 1.97| 2.09| 9.68| 9.83| 1.53  
002496| 辉丰股份| 3.10| 0.83| 2.62| 2.66| 1.53  
300621| 维业股份| 2.08| 1.83| 13.05| 13.25| 1.51  
600271| 航天信息| 2.80| 0.30| 23.83| 24.19| 1.49  
600258| 首旅酒店| 2.37| 0.20| 26.85| 27.25| 1.48  
603188| 亚邦股份| 4.16| 0.44| 9.37| 9.51| 1.47  
600305| 恒顺醋业| 2.21| 0.83| 9.11| 9.24| 1.45  
603701| 德宏股份| 2.55| 0.76| 13.07| 13.26| 1.44  
603579| 荣泰健康| 2.53| 0.27| 71.12| 72.14| 1.44  
603007| 花王股份| 1.74| 0.24| 10.94| 11.09| 1.39  
300422| 博世科| 2.37| 0.40| 13.61| 13.80| 1.37  
002795| 永和智控| 2.76| 4.50| 19.84| 20.11| 1.36  
600132| 重庆啤酒| 1.92| 0.25| 27.26| 27.63| 1.36  
600240| 华业资本| 1.78| 0.49| 6.78| 6.87| 1.33  
603897| 长城科技| 1.67| 6.58| 32.46| 32.89| 1.32  
000016| 深康佳A| 2.21| 0.25| 4.56| 4.62| 1.32  
002442| 龙星化工| 2.63| 0.04| 10.80| 10.94| 1.30  
601139| 深圳燃气| 2.59| 0.06| 5.48| 5.55| 1.27  
300482| 万孚生物| 0.70| 0.28| 67.82| 68.68| 1.27  
600725| ST 云维| 2.54| 0.08| 2.39| 2.42| 1.26  
002386| 天原集团| 1.34| 0.53| 6.73| 6.81| 1.25  
002589| 瑞康医药| 1.22| 0.18| 13.94| 14.11| 1.25  
300183| 东软载波| 2.76| 0.49| 14.32| 14.50| 1.24  
603380| 易德龙| 3.62| 2.09| 16.68| 16.89| 1.23  
002930| 宏川智慧| 7.53| 13.13| 42.17| 42.69| 1.22  
002889| 东方嘉盛| 0.91| 8.64| 35.10| 35.52| 1.21  
300630| 普利制药| 1.93| 0.33| 67.86| 68.68| 1.21  
002127| 南极电商| 0.85| 0.13| 9.37| 9.48| 1.17  
002531| 天顺风能| 2.50| 0.17| 4.46| 4.51| 1.17  
600290| 华仪电气| 0.00| 0.23| 9.96| 10.07| 1.10  
300167| 迪威迅| 10.00| 2.70| 4.90| 4.95| 1.10  
300723| 一品红| 1.17| 1.39| 40.35| 40.79| 1.09  
002233| 塔牌集团| 1.22| 0.49| 11.45| 11.57| 1.07  
300568| 星源材质| 5.98| 1.57| 34.22| 34.58| 1.06  
603616| 韩建河山| 1.26| 0.57| 11.88| 12.01| 1.06  
603707| 健友股份| 0.08| 0.59| 26.32| 26.60| 1.05  
002830| 名雕股份| 0.39| 6.53| 22.95| 23.19| 1.04  
002740| 爱迪尔| 0.68| 0.13| 7.28| 7.35| 1.02  
002731| 萃华珠宝| 1.85| 0.28| 14.75| 14.90| 1.02  
603567| 珍宝岛| 0.83| 0.03| 13.30| 13.43| 1.01  
300377| 赢时胜| 1.81| 1.18| 12.26| 12.38| 0.99  
601005| 重庆钢铁| 0.49| 0.12| 2.04| 2.06| 0.98  
600352| 浙江龙盛| 0.77| 0.47| 11.61| 11.72| 0.96  
300449| 汉邦高科| 10.03| 2.11| 16.84| 17.00| 0.95  
300036| 超图软件| 1.53| 1.01| 17.74| 17.91| 0.95  
600879| 航天电子| 1.83| 0.29| 6.62| 6.68| 0.94  
300642| 透景生命| 0.90| 0.29| 59.97| 60.53| 0.93  
300132| 青松股份| 2.27| 0.87| 10.27| 10.36| 0.92  
002153| 石基信息| 2.59| 0.66| 26.66| 26.90| 0.92  
603056| 德邦股份| 1.05| 1.09| 26.68| 26.92| 0.91  
002107| 沃华医药| 4.42| 0.13| 9.13| 9.21| 0.90  
002080| 中材科技| -0.12| 0.82| 8.41| 8.48| 0.88  
603198| 迎驾贡酒| 1.26| 0.40| 19.19| 19.36| 0.88  
600836| 界龙实业| 4.52| 0.56| 3.90| 3.93| 0.87  
600409| 三友化工| 1.06| 0.39| 8.49| 8.56| 0.87  
002771| 真视通| 2.91| 1.22| 14.02| 14.14| 0.86  
603026| 石大胜华| 2.79| 0.75| 20.10| 20.27| 0.86  
300447| 全信股份| 1.49| 0.20| 12.16| 12.26| 0.86  
300727| 润禾材料| 1.71| 4.13| 36.49| 36.80| 0.86  
002025| 航天电器| 0.23| 0.28| 21.16| 21.33| 0.81  
000848| 承德露露| 2.07| 0.47| 10.28| 10.36| 0.78  
002376| 新北洋| 3.78| 0.54| 14.73| 14.84| 0.77  
600486| 扬农化工| 0.09| 0.13| 56.50| 56.93| 0.77  
002024| 苏宁易购| 1.46| 0.36| 13.81| 13.92| 0.77  
000819| 岳阳兴长| 2.05| 0.24| 8.90| 8.97| 0.76  
002013| 中航机电| 0.40| 0.08| 7.39| 7.45| 0.76  
603816| 顾家家居| 0.73| 0.59| 69.60| 70.12| 0.75  
300358| 楚天科技| 1.88| 0.53| 9.71| 9.78| 0.74  
002831| 裕同科技| 2.33| 0.32| 50.62| 50.99| 0.73  
002701| 奥瑞金| 0.55| 0.12| 5.46| 5.50| 0.73  
002206| 海利得| 1.43| 0.11| 4.93| 4.97| 0.73  
000951| 中国重汽| 0.89| 0.42| 13.52| 13.62| 0.71  
300490| 华自科技| 3.81| 6.68| 15.96| 16.07| 0.70  
300195| 长荣股份| 1.79| 0.28| 11.27| 11.35| 0.69  
600322| 天房发展| 1.35| 0.07| 5.23| 5.27| 0.69  
600816| 安信信托| 0.13| 0.14| 7.40| 7.45| 0.68  
000836| 鑫茂科技| 1.49| 0.59| 4.74| 4.77| 0.68  
600559| 老白干酒| 1.73| 0.61| 21.08| 21.22| 0.67  
300444| 双杰电气| 4.30| 0.71| 13.48| 13.57| 0.67  
603260| 合盛硅业| 1.52| 2.57| 67.65| 68.10| 0.66  
600872| 中炬高新| 0.08| 0.13| 26.23| 26.40| 0.66  
300325| 德威新材| 0.54| 0.22| 3.69| 3.71| 0.65  
000028| 国药一致| 1.60| 0.09| 48.66| 48.98| 0.65  
600622| 光大嘉宝| 6.11| 0.51| 7.77| 7.82| 0.64  
000736| 中交地产| 0.00| 0.15| 11.38| 11.45| 0.64  
603369| 今世缘| 1.91| 0.25| 21.79| 21.93| 0.62  
300259| 新天科技| 1.72| 0.34| 3.53| 3.55| 0.62  
002003| 伟星股份| 1.07| 0.10| 8.45| 8.50| 0.62  
300612| 宣亚国际| 1.16| 5.69| 23.40| 23.54| 0.62  
600491| 龙元建设| 1.30| 0.13| 6.96| 7.00| 0.60  
300443| 金雷风电| 4.55| 0.36| 10.28| 10.34| 0.60  
300562| 乐心医疗| 2.75| 0.76| 15.59| 15.68| 0.60  
603586| 金麒麟| 0.38| 0.16| 15.78| 15.87| 0.60  
002118| 紫鑫药业| 1.47| 0.41| 6.87| 6.91| 0.58  
002422| 科伦药业| 0.39| 0.23| 30.91| 31.09| 0.58  
300114| 中航电测| 3.42| 0.20| 8.41| 8.46| 0.57  
601012| 隆基股份| -0.06| 0.22| 15.83| 15.92| 0.56  
603368| 柳药股份| 0.66| 0.18| 32.09| 32.27| 0.55  
603669| 灵康药业| -0.17| 0.16| 11.67| 11.73| 0.55  
002826| 易明医药| 1.61| 0.58| 15.11| 15.19| 0.54  
603876| 鼎胜新材| 0.80| 6.57| 30.03| 30.19| 0.53  
002908| 德生科技| 3.18| 7.90| 34.90| 35.08| 0.52  
002065| 东华软件| 1.67| 0.36| 8.50| 8.54| 0.52  
002533| 金杯电工| 2.62| 0.14| 4.68| 4.70| 0.51  
002588| 史丹利| 2.15| 0.11| 5.19| 5.22| 0.50  
603337| 杰克股份| 1.98| 0.10| 38.01| 38.20| 0.50  
603600| 永艺股份| 0.87| 0.12| 9.26| 9.31| 0.50  
600521| 华海药业| 0.15| 0.16| 27.07| 27.20| 0.50  
600229| 城市传媒| 2.24| 0.19| 7.72| 7.76| 0.49  
603306| 华懋科技| 1.58| 0.05| 16.68| 16.76| 0.49  
000895| 双汇发展| 0.41| 0.08| 26.70| 26.83| 0.47  
603079| 圣达生物| 1.16| 2.17| 27.74| 27.87| 0.47  
002399| 海普瑞| 0.87| 0.11| 23.10| 23.21| 0.47  
600881| 亚泰集团| 1.84| 0.10| 3.85| 3.87| 0.47  
600277| 亿利洁能| 1.49| 0.09| 4.75| 4.77| 0.46  
300038| 梅泰诺| 6.03| 3.31| 9.97| 10.02| 0.46  
300532| 今天国际| 2.27| 0.65| 15.28| 15.35| 0.43  
002689| 远大智能| 1.91| 0.08| 3.72| 3.74| 0.43  
300537| 广信材料| 2.56| 1.09| 13.97| 14.03| 0.43  
603520| 司太立| 1.58| 0.45| 21.76| 21.85| 0.41  
600155| 宝硕股份| 7.03| 1.02| 6.82| 6.85| 0.41  
300441| 鲍斯股份| 1.41| 0.36| 9.31| 9.35| 0.41  
002287| 奇正藏药| 0.89| 0.04| 28.34| 28.45| 0.40  
600242| 中昌数据| 1.63| 0.41| 13.63| 13.68| 0.40  
603035| 常熟汽饰| 0.91| 0.32| 13.32| 13.37| 0.39  
600201| 生物股份| -0.09| 0.31| 22.06| 22.15| 0.39  
600461| 洪城水业| 0.81| 0.09| 6.23| 6.25| 0.39  
002146| 荣盛发展| 0.52| 0.24| 9.58| 9.62| 0.38  
300625| 三雄极光| 3.02| 0.55| 19.73| 19.80| 0.38  
300348| 长亮科技| 3.16| 1.12| 24.72| 24.81| 0.37  
600676| 交运股份| 1.66| 0.09| 4.89| 4.91| 0.37  
300044| 赛为智能| 5.21| 1.73| 6.65| 6.67| 0.36  
002294| 信立泰| 0.21| 0.16| 38.75| 38.89| 0.35  
603839| 安正时尚| 1.45| 0.24| 17.38| 17.44| 0.35  
300357| 我武生物| 0.49| 0.21| 38.78| 38.91| 0.34  
000650| 仁和药业| 1.95| 0.43| 5.73| 5.75| 0.34  
600517| 置信电气| 3.68| 0.19| 3.65| 3.66| 0.33  
603365| 水星家纺| 1.72| 1.41| 24.17| 24.25| 0.31  
002074| 国轩高科| 1.43| 0.40| 13.45| 13.49| 0.31  
002366| 台海核电| 2.62| 0.83| 14.83| 14.88| 0.31  
300558| 贝达药业| 0.55| 0.25| 60.03| 60.22| 0.31  
000768| 中航飞机| 1.71| 0.24| 14.27| 14.31| 0.31  
300554| 三超新材| 1.39| 1.36| 34.80| 34.91| 0.30  
300251| 光线传媒| 4.53| 0.40| 9.43| 9.46| 0.30  
000739| 普洛药业| 1.59| 0.15| 6.99| 7.01| 0.29  
002712| 思美传媒| 0.27| 0.13| 18.73| 18.78| 0.28  
002050| 三花智控| 1.14| 0.20| 17.65| 17.70| 0.27  
603708| 家家悦| 0.00| 0.27| 21.42| 21.48| 0.27  
002162| 悦心健康| 0.00| 0.12| 3.00| 3.01| 0.27  
002579| 中京电子| 1.22| 0.19| 8.30| 8.32| 0.27  
603012| 创力集团| 0.63| 0.15| 6.37| 6.39| 0.25  
600754| 锦江股份| 1.54| 0.18| 36.16| 36.25| 0.25  
000553| 沙隆达A| 0.79| 0.34| 15.28| 15.32| 0.24  
603609| 禾丰牧业| -0.11| 0.06| 9.35| 9.37| 0.24  
002115| 三维通信| 2.54| 0.70| 7.66| 7.68| 0.23  
300676| 华大基因| 3.63| 1.76| 108.15| 108.40| 0.23  
002338| 奥普光电| 1.57| 0.37| 10.33| 10.35| 0.23  
300496| 中科创达| 2.21| 1.03| 26.72| 26.78| 0.23  
603766| 隆鑫通用| 2.12| 0.16| 5.28| 5.29| 0.23  
600091| ST 明科| 2.61| 0.32| 3.53| 3.54| 0.23  
000538| 云南白药| 0.08| 0.06| 105.02| 105.25| 0.22  
600355| 精伦电子| 1.88| 0.77| 3.79| 3.80| 0.21  
300598| 诚迈科技| 5.48| 3.09| 27.84| 27.90| 0.21  
600062| 华润双鹤| 1.20| 0.14| 25.23| 25.28| 0.21  
002242| 九阳股份| 1.20| 0.14| 16.82| 16.85| 0.19  
600079| 人福医药| 0.32| 0.24| 12.63| 12.65| 0.19  
600497| 驰宏锌锗| 0.76| 0.19| 5.32| 5.33| 0.19  
000528| 柳工| 1.69| 0.61| 9.62| 9.64| 0.19  
600519| 贵州茅台| 0.13| 0.11| 758.91| 760.33| 0.19  
000525| 红太阳| 1.00| 0.23| 16.16| 16.19| 0.19  
000567| 海德股份| 1.37| 0.68| 14.74| 14.77| 0.18  
300442| 普丽盛| 3.96| 0.37| 15.99| 16.02| 0.18  
002078| 太阳纸业| 0.91| 0.10| 9.92| 9.94| 0.17  
000560| 我爱我家| 1.81| 0.15| 7.31| 7.32| 0.16  
600183| 生益科技| 0.94| 0.24| 8.56| 8.57| 0.16  
002838| 道恩股份| 0.94| 0.24| 19.21| 19.24| 0.16  
002352| 顺丰控股| 0.89| 0.11| 45.19| 45.25| 0.14  
300466| 赛摩电气| 9.94| 3.13| 7.29| 7.30| 0.14  
002857| 三晖电气| 3.37| 1.94| 11.95| 11.97| 0.13  
600600| 青岛啤酒| 0.91| 0.25| 45.32| 45.38| 0.13  
300583| 赛托生物| 1.92| 0.65| 39.85| 39.90| 0.13  
002400| 省广集团| 2.67| 0.60| 3.08| 3.08| 0.13  
002518| 科士达| 1.64| 0.26| 9.26| 9.27| 0.13  
002594| 比亚迪| 0.83| 0.22| 46.09| 46.15| 0.12  
002392| 北京利尔| 1.84| 0.29| 3.32| 3.32| 0.12  
300584| 海辰药业| 0.23| 0.58| 43.75| 43.80| 0.12  
300203| 聚光科技| 0.94| 0.34| 23.69| 23.72| 0.12  
002334| 英威腾| 1.80| 0.45| 5.66| 5.67| 0.11  
300170| 汉得信息| 2.79| 0.82| 13.97| 13.98| 0.10  
300055| 万邦达| 3.13| 0.38| 11.18| 11.19| 0.07  
603656| 泰禾光电| 2.63| 0.23| 16.80| 16.81| 0.07  
300355| 蒙草生态| 2.99| 1.03| 5.86| 5.86| 0.07  
600236| 桂冠电力| 0.16| 0.10| 6.16| 6.16| 0.06  
601872| 招商轮船| 2.05| 0.05| 3.48| 3.48| 0.06  
002546| 新联电子| 2.28| 0.31| 3.59| 3.59| 0.06  
002184| 海得控制| 3.64| 1.88| 10.80| 10.81| 0.06  
601898| 中煤能源| 0.83| 0.04| 4.85| 4.85| 0.04  
002664| 长鹰信质| 0.16| 0.07| 24.81| 24.82| 0.04  
002763| 汇洁股份| 3.91| 0.37| 10.62| 10.62| 0.04  
000519| 中兵红箭| 0.40| 0.57| 7.49| 7.49| 0.03  
000403| ST 生化| 0.00| 0.05| 29.99| 30.00| 0.02  
002365| 永安药业| 0.87| 0.81| 13.96| 13.96| 0.01  
000799| 酒鬼酒| 1.58| 0.76| 26.43| 26.43| 0.01  
