今日469只个股突破五日均线
新闻日期：06-22

截至今日上午收盘，上证综指2885.97点，收于五日均线之下，涨跌幅0.35%，A股总成交额为1795.83亿元。到目前为止今日有469只A股价格突破了五日均线，其中乖离率较大的个股有金杯汽车、振华股份、欣天科技等，乖离率分别为9.05%、7.54%、7.39%；大华股份、华铭智能、威孚高科等个股乖离率小，刚刚站上五日均线。
6月22日突破五日均线个股乖离率排名
证券代码| 证券简称| 今日涨跌幅(%)| 今日换手率(%)| 五日均线(元)| 最新价(元)| 乖离率(%)  
---|---|---|---|---|---|---  
600609| 金杯汽车| 10.05| 1.60| 4.42| 4.82| 9.05  
603067| 振华股份| 9.97| 11.03| 10.56| 11.36| 7.54  
300615| 欣天科技| 10.01| 34.29| 17.40| 18.69| 7.39  
300073| 当升科技| 10.00| 4.82| 29.80| 31.78| 6.65  
600884| 杉杉股份| 9.11| 5.07| 21.07| 22.39| 6.25  
300693| 盛弘股份| 5.50| 21.02| 22.93| 24.35| 6.17  
000636| 风华高科| 8.94| 5.32| 13.70| 14.50| 5.87  
300113| 顺网科技| 10.00| 2.59| 15.79| 16.72| 5.86  
300037| 新宙邦| 7.10| 3.91| 24.31| 25.65| 5.53  
600890| 中房股份| 8.08| 0.88| 7.37| 7.76| 5.26  
000812| 陕西金叶| 9.87| 5.91| 3.17| 3.34| 5.23  
300648| 星云股份| 9.98| 3.74| 23.28| 24.46| 5.07  
603677| 奇精机械| 7.20| 2.66| 16.05| 16.83| 4.86  
300481| 濮阳惠成| 10.04| 2.06| 11.50| 12.06| 4.85  
603659| 璞泰来| 6.08| 5.68| 60.57| 63.50| 4.84  
300178| 腾邦国际| 10.02| 2.09| 13.32| 13.95| 4.75  
002889| 东方嘉盛| 5.31| 20.00| 35.41| 37.07| 4.70  
002497| 雅化集团| 10.05| 2.99| 10.04| 10.51| 4.66  
603039| 泛微网络| 6.67| 0.72| 74.17| 77.59| 4.61  
000626| 远大控股| 10.08| 1.54| 6.80| 7.10| 4.41  
300634| 彩讯股份| 10.00| 10.43| 37.65| 39.26| 4.27  
002747| 埃斯顿| 4.40| 0.55| 12.52| 13.04| 4.14  
300012| 华测检测| 6.38| 1.41| 5.45| 5.67| 4.11  
300568| 星源材质| 9.99| 3.14| 34.48| 35.89| 4.10  
002862| 实丰文化| 4.33| 3.19| 20.39| 21.22| 4.09  
603819| 神力股份| 6.37| 5.78| 17.17| 17.87| 4.06  
300644| 南京聚隆| 5.75| 26.48| 51.42| 53.48| 4.01  
600666| 奥瑞德| 10.14| 5.21| 3.66| 3.80| 3.94  
002354| 天神娱乐| 9.47| 3.72| 9.13| 9.48| 3.79  
300312| 邦讯技术| 10.07| 2.99| 5.69| 5.90| 3.76  
000717| 韶钢松山| 3.72| 1.83| 6.99| 7.25| 3.72  
000790| 泰合健康| 3.99| 4.31| 7.04| 7.30| 3.63  
300588| 熙菱信息| 8.13| 10.17| 14.76| 15.29| 3.61  
603301| 振德医疗| 3.46| 13.57| 47.64| 49.28| 3.43  
600385| 山东金泰| 2.13| 0.63| 8.33| 8.62| 3.43  
600429| 三元股份| 5.97| 0.73| 6.52| 6.74| 3.37  
300547| 川环科技| 9.99| 0.95| 19.50| 20.15| 3.33  
002045| 国光电器| 2.70| 4.64| 6.99| 7.22| 3.32  
300188| 美亚柏科| 4.53| 1.52| 15.19| 15.69| 3.28  
002619| 艾格拉斯| 9.97| 1.65| 3.95| 4.08| 3.24  
300555| 路通视信| 5.88| 2.99| 10.11| 10.44| 3.22  
600622| 光大嘉宝| 9.50| 1.50| 7.82| 8.07| 3.20  
600596| 新安股份| 5.35| 4.32| 17.18| 17.73| 3.19  
002061| 浙江交科| 4.38| 0.68| 9.94| 10.25| 3.16  
600101| 明星电力| 2.90| 1.14| 6.88| 7.09| 3.11  
000932| 华菱钢铁| 4.12| 1.18| 9.07| 9.35| 3.11  
300729| 乐歌股份| 3.01| 4.68| 33.82| 34.87| 3.09  
600562| 国睿科技| 4.66| 0.81| 20.50| 21.13| 3.08  
002930| 宏川智慧| 10.00| 21.23| 42.37| 43.67| 3.07  
300439| 美康生物| 4.27| 0.95| 21.07| 21.71| 3.06  
000923| 河北宣工| 1.63| 1.74| 13.89| 14.31| 3.04  
603856| 东宏股份| 7.64| 2.62| 13.95| 14.37| 2.99  
300326| 凯利泰| 2.87| 0.47| 9.39| 9.67| 2.98  
600037| 歌华有线| 5.70| 0.34| 10.09| 10.39| 2.97  
002074| 国轩高科| 4.74| 0.80| 13.54| 13.93| 2.91  
603026| 石大胜华| 5.43| 1.40| 20.20| 20.79| 2.91  
603616| 韩建河山| 3.54| 1.02| 11.94| 12.28| 2.86  
603380| 易德龙| 5.71| 3.01| 16.75| 17.23| 2.85  
600771| 广誉远| 2.82| 1.00| 53.21| 54.73| 2.85  
300716| 国立科技| 7.16| 11.19| 15.86| 16.31| 2.82  
300071| 华谊嘉信| 1.70| 2.69| 3.48| 3.58| 2.81  
002280| 联络互动| 10.00| 1.87| 5.35| 5.50| 2.80  
300032| 金龙机电| 3.20| 0.62| 5.33| 5.48| 2.78  
300036| 超图软件| 3.80| 1.79| 17.82| 18.31| 2.74  
300133| 华策影视| 3.41| 0.45| 10.33| 10.61| 2.73  
300630| 普利制药| 3.81| 0.58| 68.12| 69.95| 2.69  
002614| 奥佳华| 3.37| 0.45| 20.01| 20.55| 2.69  
002922| 伊戈尔| 9.31| 14.55| 22.42| 23.02| 2.68  
300581| 晨曦航空| 2.56| 1.88| 26.89| 27.61| 2.66  
300251| 光线传媒| 7.62| 0.71| 9.49| 9.74| 2.66  
600246| 万通地产| 2.86| 0.35| 3.85| 3.95| 2.65  
002153| 石基信息| 4.81| 1.22| 26.77| 27.48| 2.64  
002717| 岭南股份| 4.36| 0.92| 9.33| 9.58| 2.64  
600872| 中炬高新| 2.54| 0.26| 26.36| 27.05| 2.63  
300470| 日机密封| 3.01| 0.37| 43.73| 44.86| 2.58  
603708| 家家悦| 2.89| 0.97| 21.55| 22.10| 2.57  
002112| 三变科技| 9.93| 2.48| 6.37| 6.53| 2.54  
601005| 重庆钢铁| 2.44| 0.18| 2.05| 2.10| 2.54  
002580| 圣阳股份| 7.89| 2.14| 4.80| 4.92| 2.50  
000738| 航发控制| 4.46| 0.54| 12.57| 12.88| 2.50  
600271| 航天信息| 4.08| 0.54| 23.89| 24.49| 2.49  
600258| 首旅酒店| 3.64| 0.55| 26.92| 27.59| 2.49  
300107| 建新股份| 2.12| 5.26| 13.62| 13.95| 2.45  
002795| 永和智控| 4.09| 8.48| 19.89| 20.37| 2.40  
002908| 德生科技| 5.59| 14.11| 35.06| 35.90| 2.39  
300377| 赢时胜| 3.54| 1.97| 12.30| 12.59| 2.35  
000952| 广济药业| 2.08| 2.28| 13.93| 14.25| 2.33  
601012| 隆基股份| 2.13| 0.40| 15.90| 16.27| 2.31  
600277| 亿利洁能| 3.83| 0.17| 4.77| 4.88| 2.31  
603701| 德宏股份| 3.63| 1.19| 13.10| 13.40| 2.29  
300401| 花园生物| 1.01| 1.24| 21.43| 21.92| 2.29  
300532| 今天国际| 4.60| 1.16| 15.35| 15.70| 2.25  
300490| 华自科技| 5.81| 10.18| 16.02| 16.38| 2.25  
002531| 天顺风能| 3.86| 0.26| 4.47| 4.57| 2.24  
000881| 中广核技| 7.27| 0.74| 8.23| 8.41| 2.24  
002118| 紫鑫药业| 3.52| 0.80| 6.90| 7.05| 2.20  
002672| 东江环保| 3.00| 0.59| 16.81| 17.18| 2.20  
600569| 安阳钢铁| 2.82| 2.15| 4.28| 4.37| 2.20  
300104| 乐视网| 4.23| 1.92| 3.38| 3.45| 2.19  
000016| 深康佳A| 3.32| 0.44| 4.57| 4.67| 2.19  
002637| 赞宇科技| 2.80| 2.85| 9.70| 9.91| 2.19  
002233| 塔牌集团| 2.62| 0.73| 11.48| 11.73| 2.18  
300447| 全信股份| 3.15| 0.30| 12.20| 12.46| 2.16  
002696| 百洋股份| 4.28| 1.70| 10.97| 11.21| 2.15  
002496| 辉丰股份| 3.88| 1.13| 2.62| 2.68| 2.13  
603007| 花王股份| 2.66| 0.34| 10.96| 11.19| 2.12  
002386| 天原集团| 2.38| 0.75| 6.74| 6.88| 2.08  
300727| 润禾材料| 3.26| 6.65| 36.60| 37.36| 2.08  
603188| 亚邦股份| 4.93| 0.55| 9.39| 9.58| 2.07  
000951| 中国重汽| 2.59| 0.68| 13.57| 13.85| 2.06  
002828| 贝肯能源| 5.70| 6.48| 15.80| 16.12| 2.04  
600240| 华业资本| 2.67| 0.70| 6.79| 6.93| 2.03  
000709| 河钢股份| 1.94| 0.42| 3.09| 3.15| 2.01  
000971| 高升控股| 9.92| 0.86| 3.80| 3.88| 2.00  
600352| 浙江龙盛| 2.06| 0.77| 11.64| 11.87| 1.99  
601619| 嘉泽新能| 4.11| 8.28| 8.20| 8.36| 1.98  
603369| 今世缘| 3.62| 0.46| 21.87| 22.30| 1.98  
603897| 长城科技| 2.47| 8.80| 32.51| 33.15| 1.96  
600567| 山鹰纸业| 1.58| 0.49| 3.79| 3.86| 1.95  
002127| 南极电商| 1.81| 0.23| 9.39| 9.57| 1.94  
600319| 亚星化学| 2.55| 0.28| 6.71| 6.84| 1.94  
002815| 崇达技术| 8.08| 1.58| 14.43| 14.71| 1.91  
600879| 航天电子| 3.05| 0.43| 6.63| 6.76| 1.90  
002771| 真视通| 4.22| 2.03| 14.06| 14.32| 1.88  
603718| 海利生物| 4.95| 0.33| 13.73| 13.98| 1.85  
002013| 中航机电| 1.75| 0.15| 7.41| 7.55| 1.83  
000898| 鞍钢股份| 2.38| 0.24| 6.33| 6.45| 1.83  
603579| 荣泰健康| 3.03| 0.54| 71.19| 72.49| 1.83  
300650| 太龙照明| 2.38| 2.63| 16.45| 16.75| 1.82  
300598| 诚迈科技| 7.60| 5.26| 27.95| 28.46| 1.81  
603707| 健友股份| 1.02| 0.94| 26.37| 26.85| 1.80  
300241| 瑞丰光电| 7.47| 1.88| 5.80| 5.90| 1.79  
002094| 青岛金王| 1.44| 1.21| 9.02| 9.18| 1.77  
002289| 宇顺电子| 1.23| 1.91| 8.06| 8.20| 1.74  
603816| 顾家家居| 1.97| 1.07| 69.77| 70.98| 1.73  
603260| 合盛硅业| 2.88| 4.32| 67.84| 69.01| 1.73  
600201| 生物股份| 1.58| 0.46| 22.14| 22.52| 1.73  
002689| 远大智能| 3.54| 0.13| 3.74| 3.80| 1.71  
002589| 瑞康医药| 1.79| 0.32| 13.95| 14.19| 1.71  
002838| 道恩股份| 2.89| 0.47| 19.28| 19.61| 1.69  
002024| 苏宁易购| 2.62| 0.61| 13.85| 14.08| 1.69  
601872| 招商轮船| 4.11| 0.12| 3.49| 3.55| 1.66  
603079| 圣达生物| 2.65| 3.18| 27.82| 28.28| 1.65  
000799| 酒鬼酒| 3.65| 1.47| 26.54| 26.97| 1.64  
300102| 乾照光电| 4.53| 1.29| 6.13| 6.23| 1.63  
300558| 贝达药业| 2.20| 0.45| 60.23| 61.21| 1.62  
300642| 透景生命| 1.75| 0.47| 60.07| 61.04| 1.61  
000900| 现代投资| 1.21| 0.46| 4.10| 4.17| 1.61  
300723| 一品红| 1.81| 2.05| 40.40| 41.05| 1.60  
002332| 仙琚制药| 1.05| 0.39| 8.49| 8.63| 1.60  
300183| 东软载波| 3.19| 0.62| 14.33| 14.56| 1.58  
603988| 中电电机| 10.04| 1.26| 12.62| 12.82| 1.55  
600497| 驰宏锌锗| 2.46| 0.34| 5.34| 5.42| 1.54  
300259| 新天科技| 2.87| 0.52| 3.54| 3.59| 1.53  
002830| 名雕股份| 1.00| 9.96| 22.98| 23.33| 1.52  
600845| 宝信软件| 4.00| 1.02| 22.26| 22.60| 1.52  
002623| 亚玛顿| 4.64| 0.37| 16.00| 16.24| 1.51  
300422| 博世科| 2.52| 0.70| 13.62| 13.82| 1.48  
300358| 楚天科技| 2.81| 0.65| 9.73| 9.87| 1.48  
002376| 新北洋| 4.69| 0.71| 14.75| 14.97| 1.48  
300354| 东华测试| 4.89| 2.95| 9.51| 9.65| 1.47  
002931| 锋龙股份| 5.50| 15.54| 42.37| 42.99| 1.47  
600305| 恒顺醋业| 2.21| 1.05| 9.11| 9.24| 1.45  
300621| 维业股份| 2.00| 2.27| 13.05| 13.24| 1.45  
600521| 华海药业| 1.33| 0.26| 27.13| 27.52| 1.44  
600282| 南钢股份| 2.56| 1.09| 4.73| 4.80| 1.44  
600409| 三友化工| 1.77| 0.66| 8.50| 8.62| 1.44  
300114| 中航电测| 4.52| 0.28| 8.43| 8.55| 1.42  
603198| 迎驾贡酒| 1.94| 0.57| 19.22| 19.49| 1.42  
300669| 沪宁股份| 7.43| 3.54| 20.54| 20.83| 1.41  
600059| 古越龙山| 3.86| 0.57| 8.22| 8.34| 1.41  
300612| 宣亚国际| 2.15| 7.92| 23.44| 23.77| 1.40  
002731| 萃华珠宝| 2.32| 0.49| 14.76| 14.97| 1.40  
300584| 海辰药业| 1.83| 0.87| 43.89| 44.50| 1.39  
002338| 奥普光电| 3.04| 0.52| 10.36| 10.50| 1.39  
300132| 青松股份| 2.86| 1.19| 10.28| 10.42| 1.38  
300441| 鲍斯股份| 2.60| 0.50| 9.33| 9.46| 1.35  
600295| 鄂尔多斯| 1.24| 1.05| 8.87| 8.99| 1.33  
600161| 天坛生物| 1.57| 0.14| 19.83| 20.09| 1.33  
000848| 承德露露| 2.76| 0.76| 10.29| 10.43| 1.32  
300016| 北陆药业| 2.43| 1.96| 11.23| 11.38| 1.32  
002701| 奥瑞金| 1.28| 0.20| 5.47| 5.54| 1.32  
600307| 酒钢宏兴| 1.86| 0.41| 2.16| 2.19| 1.30  
603766| 隆鑫通用| 3.47| 0.23| 5.29| 5.36| 1.28  
000768| 中航飞机| 2.91| 0.37| 14.30| 14.48| 1.26  
600725| ST 云维| 2.54| 0.10| 2.39| 2.42| 1.26  
603056| 德邦股份| 1.46| 1.59| 26.70| 27.03| 1.24  
600132| 重庆啤酒| 1.77| 0.45| 27.25| 27.59| 1.24  
000553| 沙隆达A| 2.04| 0.60| 15.32| 15.51| 1.23  
000895| 双汇发展| 1.35| 0.15| 26.75| 27.08| 1.22  
002395| 双象股份| 2.99| 0.43| 13.96| 14.13| 1.20  
300044| 赛为智能| 6.31| 2.34| 6.66| 6.74| 1.20  
000961| 中南建设| 1.20| 0.25| 7.52| 7.61| 1.20  
300496| 中科创达| 3.44| 1.54| 26.78| 27.10| 1.19  
000836| 鑫茂科技| 2.13| 0.84| 4.74| 4.80| 1.18  
002050| 三花智控| 2.29| 0.40| 17.69| 17.90| 1.18  
300355| 蒙草生态| 4.39| 1.68| 5.87| 5.94| 1.16  
300170| 汉得信息| 4.12| 1.32| 14.00| 14.16| 1.13  
002740| 爱迪尔| 0.82| 0.21| 7.28| 7.36| 1.13  
300348| 长亮科技| 4.12| 1.88| 24.76| 25.04| 1.12  
002366| 台海核电| 3.66| 1.17| 14.86| 15.03| 1.12  
002025| 航天电器| 0.61| 0.42| 21.17| 21.41| 1.11  
600155| 宝硕股份| 7.97| 1.19| 6.83| 6.91| 1.11  
300081| 恒信东方| 4.99| 1.00| 10.61| 10.73| 1.11  
002808| 苏州恒久| 6.90| 0.99| 9.96| 10.07| 1.10  
600290| 华仪电气| 0.00| 0.42| 9.96| 10.07| 1.10  
300167| 迪威迅| 10.00| 2.81| 4.90| 4.95| 1.10  
600779| 水井坊| 1.96| 0.65| 49.35| 49.89| 1.10  
300437| 清水源| 3.23| 0.53| 16.12| 16.30| 1.09  
000739| 普洛药业| 2.61| 0.22| 7.00| 7.08| 1.09  
300325| 德威新材| 1.08| 0.28| 3.69| 3.73| 1.08  
000597| 东北制药| 1.13| 0.66| 12.37| 12.50| 1.08  
002065| 东华软件| 2.38| 0.58| 8.51| 8.60| 1.08  
603368| 柳药股份| 1.31| 0.26| 32.13| 32.48| 1.08  
603567| 珍宝岛| 0.90| 0.04| 13.30| 13.44| 1.07  
603306| 华懋科技| 2.30| 0.11| 16.70| 16.88| 1.07  
002626| 金达威| 0.00| 0.63| 17.13| 17.31| 1.06  
600182| S 佳通| 2.57| 0.63| 25.28| 25.55| 1.05  
000819| 岳阳兴长| 2.39| 0.34| 8.91| 9.00| 1.03  
002555| 三七互娱| 4.15| 0.47| 11.43| 11.55| 1.03  
000650| 仁和药业| 2.84| 0.68| 5.74| 5.80| 1.03  
600729| 重庆百货| 6.50| 1.11| 33.57| 33.92| 1.03  
002533| 金杯电工| 3.28| 0.20| 4.68| 4.73| 1.03  
603337| 杰克股份| 2.64| 0.17| 38.06| 38.45| 1.02  
000528| 柳工| 2.74| 1.05| 9.64| 9.74| 1.02  
600323| 瀚蓝环境| 1.80| 0.24| 15.10| 15.25| 1.01  
300407| 凯发电气| 9.00| 1.57| 7.20| 7.27| 1.00  
300482| 万孚生物| 0.34| 0.44| 67.77| 68.43| 0.98  
002267| 陕天然气| 2.24| 0.25| 6.79| 6.86| 0.97  
300676| 华大基因| 4.58| 2.60| 108.34| 109.39| 0.97  
002410| 广联达| 1.98| 0.51| 25.52| 25.77| 0.96  
603876| 鼎胜新材| 1.34| 10.04| 30.06| 30.35| 0.95  
002396| 星网锐捷| 2.46| 0.77| 19.37| 19.55| 0.95  
300449| 汉邦高科| 10.03| 2.40| 16.84| 17.00| 0.95  
600491| 龙元建设| 1.74| 0.18| 6.96| 7.03| 0.95  
002745| 木林森| 2.89| 1.38| 15.54| 15.69| 0.94  
002579| 中京电子| 2.07| 0.29| 8.31| 8.39| 0.94  
002287| 奇正藏药| 1.56| 0.06| 28.37| 28.64| 0.94  
000538| 云南白药| 0.96| 0.09| 105.20| 106.18| 0.93  
000525| 红太阳| 1.93| 0.33| 16.19| 16.34| 0.93  
300184| 力源信息| 3.32| 0.75| 10.17| 10.26| 0.92  
002592| 八菱科技| 1.43| 0.29| 12.61| 12.73| 0.92  
300357| 我武生物| 1.21| 0.48| 38.83| 39.19| 0.92  
600027| 华电国际| 3.12| 0.23| 3.93| 3.97| 0.92  
300583| 赛托生物| 2.91| 1.02| 39.93| 40.29| 0.91  
600486| 扬农化工| 0.26| 0.34| 56.52| 57.03| 0.91  
300427| 红相股份| 2.89| 0.58| 13.04| 13.16| 0.90  
300195| 长荣股份| 2.06| 0.49| 11.28| 11.38| 0.90  
600559| 老白干酒| 2.01| 0.92| 21.09| 21.28| 0.90  
600079| 人福医药| 1.19| 0.35| 12.65| 12.76| 0.89  
601798| *ST 蓝科| 1.41| 0.85| 4.29| 4.33| 0.89  
002883| 中设股份| 1.90| 1.34| 42.61| 42.99| 0.88  
000519| 中兵红箭| 1.47| 0.85| 7.50| 7.57| 0.88  
300719| 安达维尔| 2.02| 3.91| 15.02| 15.15| 0.88  
601898| 中煤能源| 1.87| 0.07| 4.86| 4.90| 0.86  
002030| 达安基因| 1.98| 0.15| 14.82| 14.95| 0.86  
600355| 精伦电子| 2.68| 0.90| 3.80| 3.83| 0.84  
601139| 深圳燃气| 2.03| 0.07| 5.47| 5.52| 0.84  
300521| 爱司凯| 4.23| 1.17| 11.25| 11.34| 0.84  
002422| 科伦药业| 0.71| 0.34| 30.93| 31.19| 0.83  
600197| 伊力特| 3.70| 0.67| 23.65| 23.85| 0.83  
000567| 海德股份| 2.20| 1.01| 14.77| 14.89| 0.83  
000005| 世纪星源| 1.72| 0.37| 2.94| 2.96| 0.82  
600572| 康恩贝| 1.42| 0.20| 7.10| 7.16| 0.82  
002588| 史丹利| 2.54| 0.16| 5.20| 5.24| 0.81  
300014| 亿纬锂能| 4.54| 1.04| 16.90| 17.04| 0.80  
600370| 三房巷| 1.47| 0.19| 2.74| 2.76| 0.80  
600633| 浙数文化| 3.15| 0.43| 7.47| 7.53| 0.80  
002223| 鱼跃医疗| 2.14| 0.63| 20.84| 21.00| 0.79  
603656| 泰禾光电| 3.54| 0.45| 16.83| 16.96| 0.78  
000973| 佛塑科技| 6.18| 0.77| 3.58| 3.61| 0.78  
002442| 龙星化工| 1.97| 0.08| 10.79| 10.87| 0.78  
603365| 水星家纺| 2.31| 2.20| 24.20| 24.39| 0.78  
600507| 方大特钢| 1.46| 0.90| 11.76| 11.85| 0.77  
002294| 信立泰| 0.72| 0.21| 38.79| 39.09| 0.76  
603712| 七一二| 6.32| 10.35| 25.53| 25.72| 0.75  
002831| 裕同科技| 2.35| 0.51| 50.62| 51.00| 0.75  
603586| 金麒麟| 0.57| 0.28| 15.78| 15.90| 0.75  
002399| 海普瑞| 1.22| 0.15| 23.12| 23.29| 0.74  
603520| 司太立| 2.00| 0.61| 21.78| 21.94| 0.74  
002373| 千方科技| 1.74| 0.66| 12.22| 12.31| 0.74  
002176| 江特电机| 4.80| 1.04| 9.31| 9.38| 0.73  
603599| 广信股份| 3.39| 0.63| 14.25| 14.35| 0.73  
300402| 宝色股份| 4.28| 0.82| 8.95| 9.01| 0.71  
600316| 洪都航空| 2.36| 0.54| 9.05| 9.11| 0.71  
002826| 易明医药| 1.81| 0.92| 15.11| 15.22| 0.70  
600676| 交运股份| 2.07| 0.11| 4.90| 4.93| 0.69  
002594| 比亚迪| 1.55| 0.31| 46.16| 46.48| 0.69  
300596| 利安隆| 3.34| 0.70| 24.27| 24.44| 0.69  
300726| 宏达电子| 3.35| 4.68| 25.77| 25.95| 0.69  
002080| 中材科技| -0.35| 1.12| 8.40| 8.46| 0.69  
300543| 朗科智能| 2.88| 2.40| 21.29| 21.44| 0.69  
600888| 新疆众和| 4.13| 0.75| 5.25| 5.29| 0.69  
600639| 浦东金桥| 3.22| 0.14| 12.75| 12.84| 0.67  
002242| 九阳股份| 1.80| 0.24| 16.84| 16.95| 0.67  
300655| 晶瑞股份| 7.62| 2.08| 16.00| 16.11| 0.66  
300203| 聚光科技| 1.62| 0.48| 23.72| 23.88| 0.66  
002864| 盘龙药业| 3.17| 8.36| 45.54| 45.84| 0.65  
002400| 省广集团| 3.33| 0.85| 3.08| 3.10| 0.65  
300554| 三超新材| 1.83| 1.91| 34.83| 35.06| 0.65  
